- ParentName: 
  Name: default
  Data:
    NewRimPaint: 0.97000002861022949
    NewWindowTint: 0.99000000953674316
    NewSpoiler: 0.89999997615814209
    NewRim: 0.94999998807907104
    NewBodyKit: 0.68999999761581421
    NewPaint: 0.69999998807907104
    NewRoofScoop: 0.97000002861022949
    NewNumbers: 0.97000002861022949
    NewHood: 0.89999997615814209
    NewDecal: 0.98000001907348633
    NewVinyl: 0.75
